%YAML:1.0

# Camera Intrinsics
cam0.index: 0
cam0.fx: 816.011676
cam0.fy: 811.145514
cam0.cx: 349.590470
cam0.cy: 230.759915
cam0.k1: 0.040870
cam0.k2: 0.181320
cam0.k3: -0.003507
cam0.p1: 0.006012
cam0.p2: 0.000000
