%YAML:1.0

# Camera Intrinsics
cam0.index: 2
cam0.width: 640
cam0.height: 480
cam0.fx: 816.011676
cam0.fy: 811.145514
cam0.cx: 349.590470
cam0.cy: 230.759915
cam0.k1: 0.040870
cam0.k2: 0.181320
cam0.k3: -0.003507
cam0.p1: 0.006012
cam0.p2: 0.000000

# Feature Extraction
detector: gftt
detector.qualitylevel: 0.01
detector.mindistance: 10
featnum: 200
featnum.init: 100
featnum.track: 50
featnum.keyframe: 80

# Frame
framenum.active: 6
